316549104
13105200
72491104
1219725
61633712
106608080
157914460
17277768
136799846
145783555
120539078
57626544
180838420
88854282
4779762
12731196
4063796
316301273
210064100
169859940
4608656
557836675
74588586
71528600
25796304
100750350
13978710
72851897
24822720
450397612
275901635
471620984
174754720
117167104
52259190
386791
311952186
18341750
163079410
460256212
59303302
251726922
9298102
241559662
88809076
192236522
1117824
700168392
103497174
18199580
135181140
23723956
396268192
68785785
255610992
26983514
32469780
408421728
45678468
8675095
8722980
40766314
69913476
136544870
41092672
397845506
305117540
164584479
42014456
658648606
36983008
46007475
304859400
349909440
3152384
63902520
751383996
32523492
182256300
23179390
7968950
581204520
138371920
6324620
60487980
77194954
82903656
293190175
182540160
141154251
38222604
87575135
128177406
520872550
10941100
520359756
51520227
142234631
411856830
155965428
110372940
13344812
305579214
24691293
49397362
6339636
1706852
34211991
168359820
330795624
147080461
2076672
45881856
117866070
165001924
93424425
197023125
51260664
31244800
19567960
186650847
293940405
65082192
384978666
68179239
469951196
10325952
19082630
302362421
412856076
176649074
674848300
35938990
409656893
76523944
33484241
158348480
89491200
60994072
150998120
17789408
5999504
163851590
154499864
3385500
236184026
49223360
86860520
533782740
510036912
20789110
72043867
55086939
101151610
405619272
3861976
103032646
103286376
58699598
64944796
36185616
60340380
168081772
43869309
38242635
29499380
111409350
18976261
179282532
365949522
149709024
75851820
272798208
46263390
542723904
11956446
17821041
122699960
53768058
8160644
37083882
211507830
80509798
44050060
13816434
146489310
319025564
275270364
276242024
100123371
72884610
51207577
432073278
221500224
118476258
254283681
170230120
79687221
216195816
66933493
312539038
313424233
433633140
458538834
169300212
3825540
3529254
35275984
64035225
37992396
122106950
172603895
284889150
216412
95557440
261026443
619743968
37600759
146526003
62151921
515740904
15232126
248063970
45397968
984238
15611000
159929558
27671670
1154316
570119745
121519420
89331172
2994400
514988016
23882980
727442746
192186038
183864622
18100104
256774806
21189633
5005805
37996457
165016038
460862174
10078167
477009720
101300970
523641348
85128976
515203392
642186006
152483166
193036499
323395088
43424000
196910004
178900974
360718260
144169706
19514594
10524507
303052178
99317268
127988997
8883761
10672665
41552412
152403845
59307849
255358012
10158561
434436741
86484029
41539707
145441729
120558284
281337249
307492328
792081852
42683430
233329932
61627398
127510650
72981672
57754134
129779408
13863402
26887900
137918394
739877236
16464090
37267842
262432175
192969252
212829600
51836089
162745242
277827522
209213664
1776333
82459318
537336160
3400215
16346296
2272864
5446363
72583225
69542550
218135008
151326838
46045792
40720030
12979616
193875060
6436310
35948844
138756132
1408528
38679675
165091056
11040993
156942078
9273330
279358389
59693760
462953728
188541115
72401896
39489970
40146661
271200225
341414990
149198610
8236752
172331352
11408310
188089328
163532160
45831240
420553848
1066835
142677450
194953296
230333760